
69
48
60
1
44
56
1
48
58
1
48
58
1
44
58
1
48
60
1
44
56
1
46
60
1
48
60
1
46
60
1
48
60
1
48
56
1
46
58
1
48
58
1
42
60
1
42
60
1
48
58
1
46
60
1
48
52
1
48
60
1
48
60
1
48
60
1
46
60
1
48
58
1
46
60
1
48
60
1
48
60
1
48
58
1
42
60
1
46
60
1
46
60
1
48
60
1
48
60
1
48
60
1
48
58
1
46
58
1
48
60
1
48
60
1
46
58
1
46
56
1
46
60
1
48
60
1
48
60
1
46
58
1
48
60
1
46
58
1
48
58
1
38
54
1
40
52
1
48
60
1
48
60
1
44
60
1
48
56
1
46
58
1
48
58
1
48
58
1
44
60
1
46
60
1
44
58
1
48
58
1
40
60
1
46
60
1
48
58
1
48
58
1
48
56
1
48
56
1
48
60
1
48
60
1
48
60
1
20000
myfifo
