
67
48
48
1
44
42
1
48
46
1
48
44
1
44
46
1
48
48
1
44
48
1
46
46
1
48
46
1
46
48
1
48
48
1
48
46
1
46
48
1
48
42
1
42
48
1
42
48
1
48
48
1
46
48
1
48
44
1
48
40
1
48
48
1
48
42
1
46
44
1
48
48
1
46
48
1
48
46
1
48
46
1
42
44
1
46
48
1
46
48
1
48
46
1
48
48
1
48
48
1
48
48
1
46
48
1
48
48
1
48
46
1
46
46
1
46
46
1
46
48
1
48
48
1
46
48
1
48
48
1
46
48
1
48
48
1
38
42
1
40
44
1
48
46
1
48
48
1
44
48
1
48
46
1
46
48
1
48
44
1
48
48
1
44
48
1
46
48
1
44
44
1
48
48
1
40
46
1
46
46
1
48
46
1
48
46
1
48
44
1
48
48
1
48
46
1
48
48
1
48
48
1
20000
myfifo
