
68
66
68
1
60
64
1
66
68
1
68
66
1
62
68
1
68
68
1
68
66
1
62
64
1
66
64
1
66
64
1
62
60
1
68
64
1
68
62
1
68
68
1
68
66
1
68
66
1
66
68
1
66
68
1
66
68
1
68
68
1
68
68
1
62
64
1
68
64
1
66
66
1
68
68
1
68
68
1
68
68
1
62
62
1
64
64
1
68
68
1
68
68
1
66
68
1
68
68
1
66
68
1
68
68
1
68
68
1
66
66
1
68
68
1
66
68
1
68
66
1
66
66
1
68
68
1
66
66
1
68
68
1
68
66
1
64
66
1
60
62
1
60
64
1
62
68
1
68
66
1
68
68
1
66
58
1
64
64
1
68
62
1
68
68
1
68
68
1
66
66
1
62
64
1
66
68
1
64
68
1
68
66
1
64
66
1
68
66
1
68
68
1
68
68
1
68
68
1
68
68
1
64
66
1
20000
myfifo
