
69
354
320
1
326
300
1
340
312
1
352
314
1
334
314
1
354
316
1
338
312
1
344
288
1
354
316
1
352
318
1
354
312
1
336
308
1
346
316
1
344
312
1
346
316
1
330
312
1
350
320
1
354
320
1
334
312
1
334
294
1
354
320
1
352
306
1
334
306
1
342
316
1
346
312
1
354
318
1
354
316
1
350
314
1
314
310
1
346
312
1
354
320
1
354
318
1
354
316
1
352
320
1
352
318
1
344
318
1
354
314
1
348
316
1
346
314
1
340
306
1
350
316
1
354
318
1
352
320
1
344
318
1
354
312
1
344
318
1
336
312
1
324
302
1
328
298
1
354
314
1
352
318
1
354
316
1
340
312
1
346
312
1
352
302
1
348
320
1
346
320
1
346
318
1
334
308
1
342
316
1
346
302
1
348
312
1
342
306
1
334
314
1
340
314
1
348
320
1
344
316
1
354
318
1
346
316
1
20000
myfifo
