
68
60
48
1
56
42
1
58
46
1
58
44
1
58
46
1
60
48
1
56
48
1
60
46
1
60
46
1
60
48
1
60
48
1
56
46
1
58
48
1
58
42
1
60
48
1
60
48
1
58
48
1
60
48
1
52
44
1
60
40
1
60
48
1
60
42
1
60
44
1
58
48
1
60
48
1
60
48
1
60
46
1
58
46
1
60
44
1
60
48
1
60
46
1
60
48
1
60
48
1
58
48
1
58
48
1
60
48
1
60
46
1
58
46
1
56
46
1
60
48
1
60
48
1
60
48
1
58
48
1
60
48
1
58
48
1
58
48
1
54
42
1
52
44
1
60
46
1
60
48
1
60
48
1
56
46
1
58
48
1
58
44
1
58
48
1
60
48
1
60
48
1
58
44
1
58
48
1
60
46
1
60
46
1
58
46
1
58
46
1
56
44
1
56
48
1
60
46
1
60
48
1
60
48
1
20000
myfifo
